GUIShape,65280,true,0,Triangle_2D,1.109375,7.234375, 0.65625,8.328125, 1.375,7.96875
GUIShape,16776960,true,0,Segment_2D,9.046875,5.0, 7.75,5.1875
GUIShape,16776960,true,0,Segment_2D,5.96875,7.96875, 3.0,4.046875
GUIShape,16776960,true,0,Segment_2D,3.671875,6.953125, 5.125,5.09375
GUIShape,16776960,true,0,Segment_2D,1.734375,3.09375, 1.734375,0.609375
GUIShape,16776960,true,0,Segment_2D,1.375,2.984375, 3.90625,0.765625
GUIShape,16776960,false,0,Rect_2D,3.609375,6.984375, 3.609375,5.03125, 5.203125,5.03125, 5.203125,6.984375
GUIShape,16711680,true,0,Triangle_2D,1.609375,7.046875, 1.109375,6.203125, 2.109375,5.046875
GUIShape,16711680,true,0,Triangle_2D,1.421875,8.96875, 2.25,8.453125, 1.796875,7.34375
GUIShape,16711680,true,0,Segment_2D,0.9375,2.375, 4.921875,2.40625
GUIShape,16711680,true,0,Polygon_2D,8.34375,4.65625, 5.984375,3.359375, 8.28125,1.453125, 7.1875,5.703125, 9.859375,5.109375, 5.234375,0.640625
GUIShape,0,true,1,Circle_2D,3.0,4.0, 2.0
GUIShape,16776960,true,2,Circle_2D,6.0,8.0, 3.4
GUIShape,65280,true,3,Rect_2D,3.0,4.0, 3.0,8.0, 6.0,8.0, 6.0,4.0
